30257
30258
30259
30260
30261
30262
30263
30264
30265
30266
30267
30268
30269
30270
30271
30272
30274
30275
30276
30277
30278
30279
30280
30281
30282
30283
30284
30285
30286
30287
30288
30289
30290
30291
30292
30293
30294
30296
30297
30298
30299
30300
30301
30302
30303
30304
30305
30306
30307
30308
30309
30310
30315
30491
10962
10963
10964
10965
10966
10967
10969
10970
10971
10972
10973
10974
10975
10976
10977
10978
10979
10980
10981
10982
10983
10984
10985
10986
10987
10989
10990
10991
10993
10994
10995
10996
10997
10998
11002
11003
11004
11005
11006
11011
11016
11019
11020
11026
11027
11028
11031
11032
11033
11034
11035
11039
11040
11043
11044
11045
11046
11047
11048
11049
11050
11051
11052
11053
11054
11086
